0.2698996478539625
0.19339802169422388
0.41999437660075084
0.17495728025760138
0.29567698333145276
0.2322239318274705
0.41259372057027655
0.3516486297629998
0.34474701567874855
0.24765828990006372
0.24746217673039975
0.26611258411212113
0.25257380055218553
0.37189609524097184
0.19403005491545286
0.13882187012653727
0.12231905458872841
0.23470941580551855
0.35140110953248965
0.7784441596394226
0.3186223381168303
0.1657297902911893
0.2797523865616347
0.45762722612184303
0.2955023069582528
0.6182887449938977
0.26518878524655665
0.29503083831095456
0.31079373602772026
0.1670604324683573
0.23530498785232337
0.5052709537445244
0.39087188853198324
0.33970070115378337
0.516879842266495
0.444964183613242
0.45592460963457854
0.4714721670025877
0.46190037943633083
0.2325151981447599
0.3554509252481663
0.37091233417469577
0.19042409956717118
0.1716565690108928
0.19008334766051233
0.2798537790536731
0.33351526314740937
0.6358775282574277
0.28866487806079155
0.29156740146469706
0.28307435213304366
0.5619933792850099
0.4876315908952785
0.29137834383775024
0.22147999359525475
0.32082169817440687
0.32884039238712215
0.3522082130033341
0.2816015011739735
0.6396907803051525
0.3958004869381928
0.6468066768824169
0.5435416741453367
0.3475383155591382
0.5903608673895363
0.25811428580023366
0.29290267425452343
0.23794454661962852
0.28722687675242936
0.4109399457976952
0.4017828217035792
0.1795066984345297
0.1931235821615623
0.27663615287760873
0.35166264347413567
0.16793222883776282
0.39877104662899227
0.3530245521390884
0.23410061200664004
0.33297505027527485
0.17959454477610418
0.24034786270647793
0.27048678193623177
0.10505376275591098
0.29742167132689445
