0.000	0	0	0	0.02	0.41	0	0	0.62	15.1	6.2	 136.7	0.003	5.0	180.956	0.09593	1.26
0.000	0	0	0	0.02	0.33	0	0	0.5	15.3	4.9	 155.6	0.015	6.3	58.236	0.01979	-0.12
0.000	0	0	80	0.02	0.19	0	0	1.31	17.0	9.3	 141.1	0.025	6.7	94.007	0.05159	1.39
0.000	0	0	0	0.02	0.11	0	0	0.64	17.4	4.5	 134.9	0.019	4.3	43.011	0.03731	2.62
0.000	0	0	0	0.02	0.08	0	0	0.32	21.1	14.5	 134.7	0.008	12.9	52.088	0.08292	0.73
0.000	0	0	0	0.02	0.08	0	0	0.5	19.8	5.8	  70.3	0.019	4.5	27.316	0.01979	-0.12
0.000	0	0	0	0.02	0.07	0	0	0.87	20.8	10.0	 117.2	0.097	11.2	45.695	0.00569	2.3
0.000	0	0	0	0.02	0.07	100	0	1.01	17.8	3.9	  92.5	0.155	4.0	45.370	0.0058	-0.45
0.000	21	40	0	0.02	0.06	0	20	1.01	18.4	6.2	  18.5	0.142	4.2	45.122	0.08292	-1.39
0.000	0	0	0	0.02	0.05	0	0	0.32	24.0	13.9	 -11.8	0.096	14.6	34.693	0.08292	0.73
0.000	0	0	0	0.02	0.04	0	0	1.92	20.7	5.6	  -9.5	0.080	5.1	24.857	0.1263	-2.84
0.000	0	0	0	0.02	0.05	0	0	0.62	21.9	7.8	  55.1	0.142	6.7	47.563	0.09593	1.26
0.000	0	0	0	0.02	0.05	0	0	0.62	24.9	10.5	  89.8	0.136	9.0	48.113	0.09593	1.26
0.000	0	0	0	0.02	0.04	0	0	0.86	26.8	15.6	 123.7	0.090	14.5	28.399	0.0946	9.14
0.000	0	0	0	0.02	0.04	0	0	1.01	22.7	8.4	 148.7	0.054	6.3	45.907	0.08292	-1.39
0.000	0	0	0	0.02	0.03	0	0	0.62	22.9	8.4	  23.1	0.061	9.0	47.678	0.09593	1.26
0.000	0	0	0	0.02	0.03	0	0	1.01	20.6	7.0	 -51.6	0.044	7.1	45.122	0.08292	-1.39
0.000	0	0	0	0.02	0.03	0	0	1.92	18.6	4.2	 -29.2	0.051	4.2	27.638	0.1263	-2.84
0.000	0	0	0	0.02	0.03	100	0	1.01	20.5	6.4	 -27.9	0.037	4.4	36.006	0.0058	-0.45
0.000	0	0	0	0.02	0.02	0	0	0.37	26.7	14.3	 -34.5	0.033	14.6	28.051	0	6.57
0.000	0	0	0	0.02	0.02	0	100	0.92	25.3	10.0	 -21.0	0.029	9.5	35.674	0.09408	1.81
0.000	0	0	0	0.02	0.01	0	0	0.62	25.3	8.2	  -2.9	0.029	7.1	35.197	0.09593	1.26
0.000	0	0	0	0.02	0.01	0	0	2.05	27.8	11.0	  88.0	0.026	9.8	59.481	0.02415	-0.74
0.000	0	0	0	0.02	0.01	0	0	0.92	33.7	20.5	 132.8	0.029	20.3	27.861	0	4.38
0.000	0	0	0	0.02	0.01	0	0	0.62	30.5	9.8	 130.3	0.024	8.0	31.671	0.09593	1.26
0.000	0	0	0	0.02	0.01	0	0	0.92	30.5	16.3	 132.0	0.028	17.2	36.723	0	4.38
0.000	0	0	0	0.02	0.01	0	0	2.05	23.8	9.9	 127.9	0.045	7.7	65.029	0.02415	-0.74
0.000	0	0	0	0.02	0.01	0	100	0.92	19.1	7.5	 106.8	0.041	5.5	34.079	0.09408	1.81
0.000	0	100	0	0.02	0.01	0	0	0.63	16.1	5.3	 -16.3	0.028	4.5	11.412	0.00499	-1.15
0.000	0	0	0	0.02	0.01	0	0	0.8	17.3	7.3	 127.9	0.016	4.6	40.703	0.07606	-1.69
0.000	0	0	0	0.02	0.01	0	0	0.89	20.6	6.7	 133.2	0.009	5.0	43.094	0.0371	-2.78
0.000	0	0	0	0.02	0.01	0	0	0.5	23.4	6.9	 141.2	0.010	9.0	14.899	0.01979	-0.12
0.000	0	0	0	0.02	0.01	0	0	0.86	30.7	19.7	 141.3	0.014	17.1	32.915	0.0946	9.14
0.000	0	0	0	0.02	0.01	0	0	0.8	32.0	8.0	 133.0	0.009	8.4	33.559	0.07606	-1.69
0.000	0	0	0	0.02	0.01	0	0	0.32	38.8	23.7	 146.2	0.007	23.8	31.309	0.08292	0.73
0.000	0	0	0	0.02	0.01	0	0	0.62	36.7	12.3	 134.7	0.007	10.3	29.381	0.09593	1.26
0.000	0	0	0	0.02	0.01	0	0	0.92	40.1	20.4	 131.6	0.007	21.7	38.036	0	4.38
0.000	0	0	0	0.02	0.01	0	0	0.32	33.1	13.3	 135.3	0.009	10.8	31.899	0.08292	0.73
0.000	0	0	0	0.02	0.01	0	0	1.07	33.8	16.1	 134.3	0.020	16.7	61.911	0.08226	-3.12
0.000	0	0	0	0.02	0.01	0	0	0.62	28.5	11.1	 143.6	0.042	9.3	52.716	0.09593	1.26
0.000	79	0	0	0.02	0.01	0	0	3.14	24.3	7.1	 105.3	0.070	7.1	57.784	0.00359	-1.27
0.000	0	0	0	0.02	0.01	0	0	0.86	24.2	15.5	 134.7	0.072	13.1	28.279	0.0946	9.14
0.000	0	0	0	0.02	0.01	0	0	1.01	18.5	5.3	 143.6	0.077	3.5	48.978	0.08292	-1.39
0.000	0	0	0	0.02	0.01	0	0	0.62	18.9	6.4	  -5.8	0.095	7.2	48.640	0.09593	1.26
0.000	0	0	0	0.02	0.01	0	0	1.01	16.3	4.1	 -11.1	0.105	3.2	48.954	0.08292	-1.39
0.000	0	0	0	0.02	0.01	0	0	1.92	18.9	6.2	  -3.9	0.122	5.4	37.927	0.1263	-2.84
0.002	0	0	0	0.02	0.01	0	0	2.05	21.7	9.1	  66.4	0.065	7.9	73.015	0.02415	-0.74
0.001	0	0	0	0.02	0.02	0	0	0.37	24.4	14.4	 132.3	0.050	12.7	27.685	0	6.57
0.000	0	0	0	0.02	0.02	0	100	0.92	24.2	9.3	 134.9	0.034	7.7	36.742	0.09408	1.81
0.000	0	0	0	0.02	0.02	0	100	0.92	26.5	11.9	 132.2	0.033	11.3	40.972	0.09408	1.81
0.000	0	0	0	0.02	0.01	0	0	2.05	26.4	9.9	 128.8	0.024	8.1	64.920	0.02415	-0.74
0.001	0	0	0	0.02	0.01	0	0	0.92	28.2	17.0	 130.5	0.027	15.0	29.248	0	4.38
0.001	0	0	0	0.02	0.01	0	0	0.62	26.9	9.4	 135.4	0.031	8.6	35.518	0.09593	1.26
0.000	0	0	0	0.02	0.01	0	100	0.92	24.8	10.7	 143.8	0.040	11.1	46.908	0.09408	1.81
0.000	0	0	0	0.02	0.01	0	0	2.05	21.4	8.5	  67.7	0.057	7.4	74.979	0.02415	-0.74
0.000	0	0	0	0.02	0.01	0	100	0.92	16.4	6.7	  14.6	0.045	2.9	37.685	0.09408	1.81
0.000	0	100	0	0.02	0.01	0	0	0.63	16.3	6.5	-167.5	0.030	4.4	12.923	0.00499	-1.15
0.000	0	0	0	0.02	0.01	100	0	1.01	17.8	4.0	 120.0	0.019	4.2	33.682	0.0058	-0.45
0.000	0	0	0	0.02	0.01	0	0	0.89	21.6	8.7	 136.7	0.009	6.6	39.474	0.0371	-2.78
0.000	0	0	0	0.02	0.01	0	0	0.5	26.2	9.4	 146.3	0.009	10.9	15.609	0.01979	-0.12
0.000	0	0	0	0.02	0.01	0	0	0.86	31.8	18.2	 140.3	0.014	15.2	40.140	0.0946	9.14
0.000	0	0	0	0.02	0.01	0	0	0.64	31.8	9.4	 139.8	0.013	10.3	20.310	0.03731	2.62
0.000	0	0	0	0.02	0.01	0	0	0.32	32.7	19.9	 131.7	0.016	19.9	31.997	0.08292	0.73
0.000	0	0	0	0.02	0.01	40	0	1.92	27.9	8.0	 -45.2	0.038	6.2	30.319	0.1263	-2.84
0.000	0	0	0	0.02	0.01	0	0	0.92	27.5	16.8	 -25.8	0.044	11.5	33.023	0	4.38
0.000	0	0	0	0.02	0.01	0	0	0.32	23.8	15.3	  -5.1	0.043	10.1	29.273	0.08292	0.73
0.000	0	100	0	0.02	0.02	0	0	0.63	21.6	7.2	   4.9	0.033	5.7	11.970	0.00499	-1.15
0.000	0	0	0	0.02	0.03	0	0	0.62	22.8	11.0	 140.6	0.024	7.1	30.045	0.09593	1.26
0.000	0	0	0	0.02	0.05	0	0	0.89	24.5	7.2	 126.6	0.014	7.6	37.602	0.0371	-2.78
0.000	0	0	0	0.02	0.06	0	0	0.86	26.8	14.2	 134.5	0.016	13.9	28.740	0.0946	9.14
0.000	0	0	0	0.02	0.09	0	0	0.64	21.7	9.9	 152.8	0.023	7.4	23.693	0.03731	2.62
0.000	0	0	0	0.02	0.16	0	0	0.62	20.9	7.6	 140.0	0.036	7.8	36.548	0.09593	1.26
0.000	0	0	0	0.02	0.22	0	0	1.01	16.5	6.2	 134.9	0.093	6.0	37.141	0.08292	-1.39
0.000	0	0	0	0.02	0.28	0	0	1.92	14.9	4.4	 -11.8	0.118	3.1	20.462	0.1263	-2.84
0.000	0	0	0	0.02	0.30	100	0	1.01	15.1	5.9	 -17.6	0.119	4.3	30.572	0.0058	-0.45
0.000	0	0	0	0.02	0.33	0	0	0.62	15.3	6.6	 -18.4	0.111	5.2	53.907	0.09593	1.26
0.001	0	0	0	0.02	0.29	0	0	0.89	14.8	5.7	  12.6	0.100	4.2	56.094	0.0371	-2.78
0.006	0	0	0	0.02	0.33	0	0	0.62	15.1	6.8	 130.1	0.069	4.8	49.693	0.09593	1.26
0.000	0	0	0	0.02	0.39	0	0	2.05	15.3	7.1	 102.2	0.047	5.7	87.057	0.02415	-0.74
0.000	0	0	0	0.02	0.45	0	59	0.92	13.7	6.4	 127.3	0.033	4.5	57.880	0.09408	1.81
0.000	0	0	0	0.02	0.47	0	0	0.89	14.0	5.1	 132.4	0.020	3.9	85.448	0.0371	-2.78
0.000	0	0	0	0.02	0.50	0	0	0.92	14.8	7.5	 127.1	0.016	7.6	71.577	0	4.38
0.000	0	0	0	0.02	0.49	0	0	2.05	12.9	5.1	 120.0	0.018	3.7	105.902	0.02415	-0.74
0.000	0	0	0	0.02	0.40	0	0	0.37	11.9	6.2	  51.4	0.021	5.3	70.622	0	6.57
0.000	0	0	0	0.02	0.49	0	0	0.62	10.0	4.1	 118.3	0.032	3.0	188.673	0.09593	1.26
